----> 02:19:00 Wed Dec 01 olli@dell15 ~/CLionProjects/trickyCPP/homework4
$ ./cmake-build-debug/homework4 
Аналоговый сигнал: 8.3 8.6 7.7 1.5 9.3 3.5 8.6 9.2 4.9 2.1 6.2 2.7 9 5.9 6.3 2.6 4 2.6 7.2 3.6 1.1 6.8 6.7 2.9 8.2 3 6.2 2.3 6.7 3.5 2.9 0.2 2.2 5.8 6.9 6.7 9.3 5.6 1.1 4.2 2.9 7.3 2.1 1.9 8.4 3.7 9.8 2.4 1.5 7 1.3 2.6 9.1 8 5.6 7.3 6.2 7 9.6 8.1 0.5 2.5 8.4 2.7 3.6 0.5 4.6 2.9 1.3 5.7 2.4 9.5 8.2 4.5 1.4 6.7 3.4 6.4 4.3 5 8.7 0.8 7.6 7.8 8.8 8.4 0.3 5.1 5.4 9.9 3.2 6 7.6 6.8 3.9 1.2 2.6 8.6 9.4 3.9 
Цифровой сигнал:   8 8 7 1 9 3 8 9 4 2 6 2 9 5 6 2 4 2 7 3 1 6 6 2 8 3 6 2 6 3 2 0 2 5 6 6 9 5 1 4 2 7 2 1 8 3 9 2 1 7 1 2 9 8 5 7 6 7 9 8 0 2 8 2 3 0 4 2 1 5 2 9 8 4 1 6 3 6 4 5 8 0 7 7 8 8 0 5 5 9 3 6 7 6 3 1 2 8 9 3 
Дельты:            0.09 0.36 0.49 0.25 0.09 0.25 0.36 0.04 0.81 0.01 0.04 0.49 0 0.81 0.09 0.36 0 0.36 0.04 0.36 0.01 0.64 0.49 0.81 0.04 0 0.04 0.09 0.49 0.25 0.81 0.04 0.04 0.64 0.81 0.49 0.09 0.36 0.01 0.04 0.81 0.09 0.01 0.81 0.16 0.49 0.64 0.16 0.25 0 0.09 0.36 0.01 0 0.36 0.09 0.04 0 0.36 0.01 0.25 0.25 0.16 0.49 0.36 0.25 0.36 0.81 0.09 0.49 0.16 0.25 0.04 0.25 0.16 0.49 0.16 0.16 0.09 0 0.49 0.64 0.36 0.64 0.64 0.16 0.09 0.01 0.16 0.81 0.04 0 0.36 0.64 0.81 0.04 0.36 0.36 0.16 0.81 
суммарная ошибка (сумма квадратов дельт): 29.08
Original vector: 
1 2 3 4 5 6 7 
After 'insert_sorted(vec,2);':
1 2 2 3 4 5 6 7 
After 'insert_sorted(vec,32);':
1 2 2 3 4 5 6 7 32 
----> 02:19:06 Wed Dec 01 olli@dell15 ~/CLionProjects/trickyCPP/homework4
$ 

